238222
32274
60089
250363
248787
228525
220318
243121
256717
228756
306770
74924
250398
267602
245755
223852
252848
74072
239197
283644
240630
69162
227639
235279
230976
242818
231095
231484
272515
227083
248453
285612
264231
60028
237701
231951
306612
268560
250832
222880
225643
238372
272335
276951
223794
309927
55438
250419
233105
223094
264353
266515
253449
278494
288885
226447
331936
238891
268566
226406
69163
274259
298187
237307
246640
271740

245174
314904
69118
250577
229876
233071
232758
348521
254268
389665
419699
309674
241721
250898
243076
242195
244844
289412
224791
265917
251407
342584
232131
229060
257356
228027
382216
248020
243298
404465
250498
260912
388172
237903
313970
280510
239286
245480
256247
257814
241895
270789
221857
225561
268567
299540
230497
291737
245211
421850
242998
261924
238403
388800
351725
252239
247007
224712
224218
233019
328085
272302
241160
243707
220954
344787
268250
231868
236307
254241
70496
253211
227443
314002
237167
261251
340583
326895
243478
308989
269024
271384
378646
429235
237102
426558
251389
228832
363569
361579
352039
271835
250957
250763
79287
278141
277616
318255
224535
347488
241319
245453
368293
238551
317716
238747
317780
254602
416935
247560
378802
223735
307806
278993
367706
404468
308663
410295
64578
245506
273744
223150
290209
241665
228815
255232
228816
416294
287342
412082
416306
235577
228404
224641
260262
357540
392805
255902
268495
309516
324973
223891
284497
224472
247921
226410
223896
231275
291509
247496
291874
400933
228529
277064
398521
289380
258426
223628
429625
253043
252818
325492
366140
282001
240950
393149
231382
223565
428877
59751
281849
246996
245028
238761
354143
362528
227795
250277
245287
246974
314906
303657
238086
347954
253735
298744
222789
268655
316873
280294
225194
377794
229587
358191
74246
412525
278717
312353
316833
355458
313866
74120
353399
353928
250617
226321
362393
368718
251767
349447
383070
244849
229380
296676
356646
251792
360203
256141
438332
59621
274338
351264
64760
227049
59816
388992
355649
381736
306549
372534
363703
352656
244559
401955
301051
284904
326041
71738
282313
233113
223008
247111
324717
268387
287683
244258
281274
319264
347706
225605
460819
303557
454372
221585
300331
309858
225608
240633
294815
422301
323596
313816
282940
292785
233258
244049
250294
232791
242872
237065
266936
229084
227875
289466
239431
453925
306626
246939
386134

377281
465575
254284
231347
316582
227877
361385
345425
304024
239418
79616
267939
407174
394535
342466
226254
225658
377798
233342
499980
401648
267769
486392
318872
442719
244940
297039
285742
400058
252042
399558
403499
247695
418651
272514
61811
78778
359540
411816
415057
350006
271050
383182
314645
399090
243883
291936
410168
307788
270183
313536
410811
305840
248027
262692
442508
429371
342543
242638
242830
70631
421770
428277
236484
237664
335673
284754
251136
296686
285492
351748
283589
415974
246391
314905
387580
421763
363363
318857
250850
465066
411357
308702
272671
289347
273430
246795
267193
383725
241344
402231
431725
365460
371813
244830
484954
319194
306555
227873
271009
246010
291493
295319
428883
244786
310375
258587

421760
351491
306475
280554
295910
229073
461822
243363
287357
277938
381605
319057
384508
237749
325851
406959
357178
450659
400085
255389
395078
446870
247401
238003
264756
245889
426386
298969
60092
430404
300297
421694
429735
297028
452344
355248
282963
380998
233564
358304
245769
235107
308240
228702
392039
310111
279311
268647
317792
265642
248039
413234
327554
301356
78057
298965
261348
430988
262137
224663
301034
324985
256662
225946
292692
389487
443900
361246
254629
237875
389697
224770
277631
441706
235121
310812
248370
229045
387638
333396
419697
318833
65764
241967
321117
251670
224841
280441
340991
414401
365281
242838
278825
430906
391187
441647
59613
399022
435044
297057
296289
238856
