238222
32274
60089
250363
248787
228525
220318
243121
256717
228756
306770
74924
250398
267602
245755
223852
252848
74072
239197
283644
240630
69162
227639
235279
230976
242818
231095
231484
272515
227083
248453
285612
264231
60028
237701
231951
306612
268560
250832
222880
225643
238372
272335
276951
223794
309927
55438
250419
233105
223094
264353
266515
253449
278494
288885
226447
331936
238891
268566
226406
69163
274259
298187
237307
246640
271740
245174
314904
69118
250577
229876
233071
232758
348521
254268
389665
419699
309674
241721
250898
243076
242195
244844
289412
224791
265917
251407
342584
232131
229060
257356
228027
382216
248020
243298
404465
250498
260912
388172
237903
313970
280510
239286
245480
256247
257814
241895
270789
221857
225561
268567
299540
230497
291737
245211
421850
242998
261924
238403
388800
351725
252239
247007
224712
224218
233019
328085
272302
241160
243707
220954
344787
268250
231868
236307
254241
70496
253211
227443
314002
237167
261251
340583
326895
243478
308989
269024
271384
378646
429235
237102
426558
251389
228832
363569
361579
352039
271835
250957
250763
79287
278141
277616
318255
224535
347488
241319
245453
368293
238551
317716
238747
317780
254602
416935
247560
378802
223735
307806
278993
367706
404468
308663
410295
64578
245506
273744
223150
290209
241665
228815
255232
228816
416294
287342
412082
416306
235577
228404
224641
260262
357540
392805
255902
268495
309516
324973
223891
284497
224472
247921
226410
223896
231275
291509
247496
291874
400933
228529
277064
398521
289380
258426
223628
429625
253043
252818
325492
366140
282001
240950
393149
231382
223565
428877
59751
281849
246996
245028
238761
354143
362528
227795
250277
245287
246974
314906
303657
238086
347954
253735
298744
222789
268655
316873
280294
225194
377794
229587
358191
74246
412525
278717
312353
316833
355458
313866
74120
353399
353928
250617
226321
362393
368718
251767
349447
383070
244849
229380
296676
356646
251792
360203
256141
438332
59621
274338
351264
64760
227049
59816
388992
355649
381736
306549
372534
363703
352656
244559
401955
301051
284904
326041
71738
282313
233113
223008
247111
324717
268387
287683
244258
281274
319264
347706
225605
460819
303557
454372
221585
300331
309858
225608
240633
294815
422301
323596
313816
282940
292785
233258
244049
250294
232791
242872
237065
266936
229084
227875
289466
239431
453925
306626
246939
386134
377281
465575
254284
231347
316582
227877
361385
345425
304024
239418
79616
267939
407174
394535
342466
226254
225658
377798
233342
499980
401648
267769
486392
318872
442719
244940
297039
285742
400058
252042
399558
403499
247695
418651
272514
61811
78778
359540
411816
415057
350006
271050
383182
314645
399090
243883
291936
410168
307788
270183
313536
410811
305840
248027
262692
442508
429371
342543
242638
242830
70631
421770
428277
236484
237664
335673
284754
251136
296686
285492
351748
283589
415974
246391
314905
387580
421763
363363
318857
250850
465066
411357
308702
272671
289347
273430
246795
267193
383725
241344
402231
431725
365460
371813
244830
484954
319194
306555
227873
271009
246010
291493
295319
428883
244786
310375
258587
421760
351491
306475
280554
295910
229073
461822
243363
287357
277938
381605
319057
384508
237749
325851
406959
357178
450659
400085
255389
395078
446870
247401
238003
264756
245889
426386
298969
60092
430404
300297
421694
429735
297028
452344
355248
282963
380998
233564
358304
245769
235107
308240
228702
392039
310111
279311
268647
317792
265642
248039
413234
327554
301356
78057
298965
261348
430988
262137
224663
301034
324985
256662
225946
292692
389487
443900
361246
254629
237875
389697
224770
277631
441706
235121
310812
248370
229045
387638
333396
419697
318833
65764
241967
321117
251670
224841
280441
340991
414401
365281
242838
278825
430906
391187
441647
59613
399022
435044
297057
296289
238856
310812
238403
282963
232838
261251
271835
251792
248453
252910
252354
228404
244559
69118
244023
237903
243478
222880
226780
223439
237366
270789
270790
69162
245174
69163
229587
313141
226254
279172
261348
303683
256343
271384
255232
283644
245211
237414
272515
299815
59751
228525
231868
284229
241344
253043
225194
250832
247496
248055
298187
314904
251407
223565
302113
246974
304346
235279
231382
75423
271492
304920
78778
267602
239197
246996
233071
277631
284331
226406
312195
254268
284904
233105
74924
243146
223094
278799
253735
250398
226447
271009
70496
244844
297209
253211
280506
280510
237065
78320
293327
290545
238747
252676
286098
288885
308380
247111
308383
248787
242106
236541
236542
316751
237102
230976
309516
220954
238222
227083
302293
280570
306770
291737
258881
223794
297878
237167
278385
70631
230497
242195
304024
238857
228832
268387
282313
262823
257814
271740
257818
242223
266736
60089
284007
223852
256717
273430
245586
272335
64578
242818
235577
250617
32274
225561
266784
245620
269024
278494
285742
303568
251767
282963
240633
290209
246764
253449
268495
257356
256247
246222
248453
242890
222838
246795
69118
254602
296384
295271
291936
243478
236798
225658
283589
222880
268560
270789
268566
69162
245174
319263
229587
319264
319265
295319
226254
271384
224599
283644
261924
363856
236307
272515
263048
280316
281993
248020
228525
231868
241895
229084
284229
241344
229090
225194
308192
268655
251389
250832
253619
258633
227443
247496
298187
250290
251407
250850
285385
298760
223008
228027
274259
319382
235279
285968
314933
308807
260912
290433
224712
267602
319404
239197
246996
250898
254241
245889
247007
226406
226410
266515
287683
254268
303284
317211
233105
283235
298275
74924
229218
253172
274341
272671
224218
226447
319466
254297
250398
250957
271009
70496
396902
270466
250419
231484
253211
239286
264353
237065
262692
283859
223703
262137
290545
296676
304479
288885
238761
248787
269398
302819
246010
223735
313970
220954
280554
227639
238222
227083
247695
291142
283913
245480
318453
224320
278359
244940
237701
232131
306770
269452
291737
284497
299540
223794
235492
297878
246640
254441
305135
242195
310710
228832
320738
239418
258914
247217
268387
282313
309607
256141
239431
271740
232758
60089
296260
278993
284007
256717
231095
285684
301854
272335
242818
250617
32274
299080
242269
238372
223891
258426
320254
290734
223896
241721
242838
281274
74072
319153
269024
278494
235729
238222
228529
267035
230751
74246
250419
262884
226321
262886
274259
227449
278141
345460
267633
231347
278717
245755
269024
307806
242998
245769
304493
370420
222789
308663
298969
319746
243298
326400
264353
279311
226406
227795
273502
344696
278494
300100
223094
232791
248027
276837
238891
224770
279900
289043
310375
238911
226447
246391
310383
271605
239197
258587
238372
251670
235328
254441
271615
320093
260262
289347
245028
319264
224535
223150
257777
252239
251136
227873
227875
227877
309318
267769
227887
291874
224841
252818
60028
344787
285789
236484
257814
289397
350337
257820
296604
242872
227083
264756
303541
276951
229587
250363
253689
237903
257572
227657
286382
290541
248994
313536
264231
367831
244844
270330
311327
376145
260360
60089
244849
318255
271998
248453
221585
255389
344030
284754
235729
238222
228529
267035
230751
74246
250419
262884
226321
262886
274259
227449
278141
345460
267633
231347
278717
245755
269024
307806
242998
245769
304493
370420
222789
308663
298969
319746
243298
326400
264353
279311
226406
227795
273502
344696
278494
300100
223094
232791
248027
276837
238891
224770
279900
289043
310375
238911
226447
246391
310383
271605
239197
258587
238372
251670
235328
254441
271615
320093
260262
289347
245028
319264
224535
223150
257777
252239
251136
227873
227875
227877
309318
267769
227887
291874
224841
252818
60028
344787
285789
236484
257814
289397
350337
257820
296604
242872
227083
264756
303541
276951
229587
250363
253689
237903
257572
227657
286382
290541
248994
313536
264231
367831
244844
270330
311327
376145
260360
60089
244849
318255
271998
248453
221585
255389
344030
284754
235729
238222
228529
267035
230751
74246
250419
262884
226321
262886
274259
227449
278141
345460
267633
231347
278717
245755
269024
307806
242998
245769
304493
370420
222789
308663
298969
319746
243298
326400
264353
279311
226406
227795
273502
344696
278494
300100
223094
232791
248027
276837
238891
224770
279900
289043
310375
238911
226447
246391
310383
271605
239197
258587
238372
251670
235328
254441
271615
320093
260262
289347
245028
319264
224535
223150
257777
252239
251136
227873
227875
227877
309318
267769
227887
291874
224841
252818
60028
344787
285789
236484
257814
289397
350337
257820
296604
242872
227083
264756
303541
276951
229587
250363
253689
237903
257572
227657
286382
290541
248994
313536
264231
367831
244844
270330
311327
376145
260360
60089
244849
318255
271998
248453
221585
255389
344030
284754
229067
228529
354571
357178
298408
252239
220318
238403
310059
278141
291991
453925
312822
359540
237749
237754
250363
246391
248453
243121
228189
233258
309710
55438
64760
260262
238891
307806
363569
378646
238222
257820
229060
226321
225635
227877
225643
263624
245755
224535
282623
225658
277047
296045
284876
355248
332910
248020
241319
277064
231275
251389
284904
251396
229060
289380
373157
74924
224602
259230
229073
229084
287171
309516
289412
255902
242500
233564
70492
224641
70496
331876
292785
254818
280510
270457
302852
224663
310673
247007
364295
250363
239197
228027
289466
268250
281657
352039
250398
316304
245933
262692
304024
291737
243707
238123
254879
250419
244844
306283
244849
232564
223628
267193
229218
299602
239286
291786
287321
311899
309674
231484
421377
220318
283992
224791
352137
310812
250498
342097
237102
238222
281791
344344
232650
244940
225957
356646
227083
223735
282940
309756
74072
278494
237167
250577
275153
61811
239418
239431
223794
230497
229380
248370
258426
271835
252848
268495
59621
232758
242818
286382
246183
257356
241721
223852
256247
232791
289760
261837
251792
376903
270789
240630
248453
268560
238403
242872
268566
440585
268567
318833
223891
223896
255177
237307
223908
318857
361313
318872
228404
235107
247401
261924
59751
299907
245174
263048
255232
321139
260824
235133
306626
301051
222880
277616
253043
285439
229595
287683
277631
59816
264231
236307
226254
442962
267602
231868
220698
310059
260912
285492
228525
245288
266515
349174
296676
244181
225194
254241
233019
358124
250898
221857
227443
233029
288885
235279
312353
306770
252042
229708
254284
223008
243121
231951
233071
271050
237541
264353
250957
244258
235338
314645
233105
253211
226406
254334
313536
233113
285612
342584
337000
323596
229769
302381
240950
325851
240959
247661
223094
226447
248787
259957
224218
293496
309136
359407
293505
236541
236542
223150
306926
235440
235442
310287
245506
227639
228756
60089
229876
237701
246640
257814
272335
220954
257818
243298
64578
265642
258944
233255
277938
283525
256717
251136
282415
266784
267901
244451
228815
293602
228816
282433
242223
269036
331594
228832
363993
243363
267939
65764
69118
283589
261251
231095
302584
32274
241160
233342
253449
340583
272450
253462
69162
69163
318255
254602
283644
225561
293704
297057
303759
244559
304879
381953
304881
291480
359619
247921
298187
308240
254629
271384
304894
224472
272514
243478
266936
307152
319441
79287
496398
443436
364129
278398
421605
400488
306549
225635
227877
225643
263624
245755
224535
282623
225658
277047
296045
284876
355248
332910
248020
241319
277064
231275
251389
284904
251396
229060
289380
373157
74924
224602
259230
229073
229084
287171
309516
289412
255902
242500
233564
70492
224641
70496
331876
292785
254818
280510
270457
302852
224663
310673
247007
364295
250363
239197
228027
289466
268250
281657
352039
250398
316304
245933
262692
304024
291737
243707
238123
254879
250419
244844
306283
244849
232564
223628
267193
229218
299602
239286
291786
287321
311899
309674
231484
421377
220318
283992
224791
352137
310812
250498
342097
237102
238222
281791
344344
232650
244940
225957
356646
227083
223735
282940
309756
74072
278494
237167
250577
275153
61811
239418
239431
223794
230497
229380
248370
258426
271835
252848
268495
59621
232758
242818
286382
246183
257356
241721
223852
256247
232791
289760
261837
251792
376903
270789
240630
248453
268560
238403
242872
268566
440585
268567
318833
223891
223896
255177
237307
223908
318857
361313
318872
228404
235107
247401
261924
59751
299907
245174
263048
255232
321139
260824
235133
306626
301051
222880
277616
253043
285439
229595
287683
277631
59816
264231
236307
226254
442962
267602
231868
220698
310059
260912
285492
228525
245288
266515
349174
296676
244181
225194
254241
233019
358124
250898
221857
227443
233029
288885
235279
312353
306770
252042
229708
254284
223008
243121
231951
233071
271050
237541
264353
250957
244258
235338
314645
233105
253211
226406
254334
313536
233113
285612
342584
337000
323596
229769
302381
240950
325851
240959
247661
223094
226447
248787
259957
224218
293496
309136
359407
293505
236541
236542
223150
306926
235440
235442
310287
245506
227639
228756
60089
229876
237701
246640
257814
272335
220954
257818
243298
64578
265642
258944
233255
277938
283525
256717
251136
282415
266784
267901
244451
228815
293602
228816
282433
242223
269036
331594
228832
363993
243363
267939
65764
69118
283589
261251
231095
302584
32274
241160
233342
253449
340583
272450
253462
69162
69163
318255
254602
283644
225561
293704
297057
303759
244559
304879
381953
304881
291480
359619
247921
298187
308240
254629
271384
304894
224472
272514
243478
266936
307152
319441
79287
496398
443436
364129
278398
421605
400488
306549
225635
227877
225643
263624
245755
224535
282623
225658
277047
296045
284876
355248
332910
248020
241319
277064
231275
251389
284904
251396
229060
289380
373157
74924
224602
259230
229073
229084
287171
309516
289412
255902
242500
233564
70492
224641
70496
331876
292785
254818
280510
270457
302852
224663
310673
247007
364295
250363
239197
228027
289466
268250
281657
352039
250398
316304
245933
262692
304024
291737
243707
238123
254879
250419
244844
306283
244849
232564
223628
267193
229218
299602
239286
291786
287321
311899
309674
231484
421377
220318
283992
224791
352137
310812
250498
342097
237102
238222
281791
344344
232650
244940
225957
356646
227083
223735
282940
309756
74072
278494
237167
250577
275153
61811
239418
239431
223794
230497
229380
248370
258426
271835
252848
268495
59621
232758
242818
286382
246183
257356
241721
223852
256247
232791
289760
261837
251792
376903
270789
240630
248453
268560
238403
242872
268566
440585
268567
318833
223891
223896
255177
237307
223908
318857
361313
318872
228404
235107
247401
261924
59751
299907
245174
263048
255232
321139
260824
235133
306626
301051
222880
277616
253043
285439
229595
287683
277631
59816
264231
236307
226254
442962
267602
231868
220698
310059
260912
285492
228525
245288
266515
349174
296676
244181
225194
254241
233019
358124
250898
221857
227443
233029
288885
235279
312353
306770
252042
229708
254284
223008
243121
231951
233071
271050
237541
264353
250957
244258
235338
314645
233105
253211
226406
254334
313536
233113
285612
342584
337000
323596
229769
302381
240950
325851
240959
247661
223094
226447
248787
259957
224218
293496
309136
359407
293505
236541
236542
223150
306926
235440
235442
310287
245506
227639
228756
60089
229876
237701
246640
257814
272335
220954
257818
243298
64578
265642
258944
233255
277938
283525
256717
251136
282415
266784
267901
244451
228815
293602
228816
282433
242223
269036
331594
228832
363993
243363
267939
65764
69118
283589
261251
231095
302584
32274
241160
233342
253449
340583
272450
253462
69162
69163
318255
254602
283644
225561
293704
297057
303759
244559
304879
381953
304881
291480
359619
247921
298187
308240
254629
271384
304894
224472
272514
243478
266936
307152
319441
79287
496398
443436
364129
278398
421605
400488
306549
